"SERIES"
"id","label","description"
"WGTS.AGRI","BCPI Weights Agriculture","BCPI Weights Agriculture - Potatoes: U.S. Bureau of Labor Statistics - Producer Price Index; Cattle: (US$/100 lb.) Steer feeder, Oklahoma city; Hogs: (US$/100 lb.) Iowa – South Minnesota average; Wheat: (US$/bushel) U.S. #1 spring wheat, 14% protein; Barley: (US$/bushel) Saskatchewan aggregate spot price; Canola: (US$/bushel) #1 Canada in store Vancouver; Corn: (US$/bushel) U.S. corn #2, Central"
"WGTS.BRENT","BCPI Weights Brent","BCPI Weights Brent - (US$/barrel) Brent front month futures, Intercontinental Exchange (ICE)"
"WGTS.COAL","BCPI Weights Coal","BCPI Weights Coal - (US$/tonne) long-term contract price for Canadian exports of metallurgical coal"
"WGTS.FISH","BCPI Weights Fisheries","BCPI Weights Fisheries - Finfish: Prices obtained from U.S. Bureau of Labor Statistics/Haver Analytics; Shellfish: Prices obtained from U.S. Bureau of Labor Statistics/Haver Analytics."
"WGTS.FOPR","BCPI Weights Forestry","BCPI Weights Forestry - Pulp: (US$/tonne) northern bleached softwood Kraft pulp; Lumber: (US$/thousand board feet) spruce-pine-fir, 2""x4"", f.o.b. at Prince George; Newsprint: (US$/ tonne) 30 pound newsprint price"
"WGTS.MTLS","BCPI Weights Metals and Minerals","BCPI Weights Metals and Minerals - Gold: (US$/oz.) Handy and Harman base price, N.Y.; Silver: (US$/oz.) Handy and Harman base price, N.Y.; Nickel: (US$/lb.) LME cash settlement; Copper: (US$/lb.) LME cash settlement; Aluminium: (US$/lb.) LME cash settlement; Zinc: (US$/lb.) LME cash settlement; Potash: (US$/tonne) standard potassium chloride, spot price, f.o.b. Vancouver; Lead: U.S. Bureau of Labor Statistics - Producer Price Index; Iron: U.S. Bureau of Labor Statistics - Producer Price Index"
"WGTS.NATURALGAS","BCPI Weights Natural Gas","BCPI Weights Natural Gas - (US$/MMBtu) Henry Hub natural gas front month futures, New York Mercantile Exchange (NYMEX)"
"WGTS.WCC","BCPI Weights Western Canada Select","BCPI Weights Western Canada Select - (US$/barrel) front month futures of Net Energy Canadian Heavy Crude Oil index, Chicago Mercantile Exchange (CME)"
"WGTS.WTI","BCPI Weights West Texas Intermediate","BCPI Weights West Texas Intermediate - (US$/barrel) West Texas Intermediate front month futures, New York mercantile Exchange (NYMEX)"

"OBSERVATIONS"
"date","WGTS.AGRI","WGTS.BRENT","WGTS.COAL","WGTS.FISH","WGTS.FOPR","WGTS.MTLS","WGTS.NATURALGAS","WGTS.WCC","WGTS.WTI"
"1972-01-01","30.0966438349","0.1339349726","1.1830782638","0.9205453099","30.4445473220","20.6185714306","2.9261469058","4.4042025519","9.2723294084"
"1973-01-01","33.7525616330","0.1373830643","1.0110418989","1.0107277333","28.4805362026","19.1857513747","2.3933703708","4.5175866363","9.5110410861"
"1974-01-01","30.1812160543","0.1716956415","1.2944243234","0.6878843365","27.6552621229","19.5158423862","2.9612795047","5.6458919411","11.8865036894"
"1975-01-01","31.3569185412","0.1719912842","2.3595358547","0.5520468188","23.1555884234","18.4900389850","6.3512954368","5.6556136003","11.9069710556"
"1976-01-01","27.6891121154","0.1634566927","2.2248001630","0.7647244924","26.1170564584","17.4992503426","8.8505097392","5.3749694271","11.3161205692"
"1977-01-01","22.9415913442","0.1773600252","2.2952893066","0.8615154387","27.3142797950","17.6248850386","10.6742749396","5.8321546660","12.2786494460"
"1978-01-01","24.9650060335","0.1771815336","2.1564682137","1.0835134392","27.3831316120","15.9447796951","10.1973417124","5.8262853021","12.2662924585"
"1979-01-01","23.5000706611","0.1816972772","1.9764348857","1.1228291871","27.2394164876","16.8709028040","10.5549537950","5.9747771345","12.5789177678"
"1980-01-01","23.3051792690","0.1791847031","1.7330479949","0.6899685414","23.6697369154","20.9095596096","11.2161951086","5.8921558067","12.4049720514"
"1981-01-01","24.5513770658","0.1862379999","1.9366549460","0.7777261636","23.1986539282","19.0847792766","11.2472078830","6.1240903571","12.8932723798"
"1982-01-01","24.7068139491","0.2417450797","2.3239887468","0.8576033223","20.8815822344","14.1052924148","12.1976045956","7.9493374749","16.7360321823"
"1983-01-01","21.7090274987","0.2792098824","2.0421700593","0.6739631432","21.3571353986","14.7766152128","10.6508573325","9.1812978532","19.3297236192"
"1984-01-01","19.2313294533","0.2768664834","2.5689374554","0.6173451501","21.8961308407","16.3339856815","10.8036754931","9.1042395337","19.1674899087"
"1985-01-01","18.7839811862","0.2823159856","2.5723639813","0.8402892771","22.3352870267","15.1203199397","11.2372469141","9.2834362827","19.5447594067"
"1986-01-01","21.1687245874","0.1775540397","2.5806505007","1.0042377062","28.2275449627","19.0130719327","9.6976007098","5.8385344729","12.2920810879"
"1987-01-01","17.5470274844","0.1986698698","2.4266775717","1.1522967726","31.2281696567","19.0719355549","8.0884020227","6.5328892860","13.7539317811"
"1988-01-01","17.4125414135","0.1458927099","2.5509971987","1.0815037163","31.7050390207","23.4440721186","8.7623787498","4.7974105089","10.1001645637"
"1989-01-01","18.3248627412","0.1659470995","2.4224324232","0.8857901724","30.7229650591","22.6524247193","7.8801843188","5.4568618247","11.4885316418"
"1990-01-01","19.2149073636","0.2029420366","2.6946586066","0.9799653519","28.1161888433","19.6509667654","8.4173052368","6.6733715481","14.0496942476"
"1991-01-01","19.0224588220","0.1864245978","2.9079902997","1.8028554604","27.2520706418","20.8445025891","8.9472807345","6.1302262835","12.9061905711"
"1992-01-01","18.6860996546","0.1942941871","2.3672950090","1.7576878882","27.7107088780","20.0439286830","9.3999797059","6.3890030954","13.4510028988"
"1993-01-01","20.1301117494","0.1704039615","2.3949212712","1.6228537240","28.8842455598","18.0505589969","11.3464067189","5.6034174452","11.7970805730"
"1994-01-01","18.4102234475","0.1598058074","1.9779126129","1.7574904479","31.2281262067","18.5317648322","11.6163903176","5.2549168529","11.0633694749"
"1995-01-01","18.0508953249","0.1619353942","1.9746879591","1.6535851551","34.9237983751","19.2029940378","7.4963584544","5.3249443541","11.2108009454"
"1996-01-01","19.8448537161","0.1920189805","2.0209488280","1.3532036630","30.1762518275","17.7429368346","9.0621088360","6.3141871576","13.2934901567"
"1997-01-01","17.7647829917","0.1298041352","2.1258054869","1.3783993990","31.0032030119","17.8745377610","11.2066067467","6.6541001142","11.8627603533"
"1998-01-01","18.7229282879","0.6225679185","2.1257218240","1.5060353057","31.2591564505","18.9907208823","12.3102511990","5.3642462874","9.0983718449"
"1999-01-01","17.1019557152","1.0849142441","1.4538921688","1.6259299966","30.6826599861","15.7410408297","14.1367219923","6.7797051882","11.3931798789"
"2000-01-01","13.5414912870","1.7812735082","1.1173999198","1.3987006593","25.6553940887","13.7193505098","20.8860499484","8.7122591125","13.1880809662"
"2001-01-01","14.6494245171","1.5560835865","1.3366698178","1.4147997330","23.2917957115","13.4632870145","25.8373220017","7.5013379770","10.9492796408"
"2002-01-01","14.1893871795","3.4817686244","1.3776011962","1.5725453198","24.0226864191","14.2262025601","19.3697097648","8.5169939038","13.2431050324"
"2003-01-01","12.6262399453","3.8867720242","0.9336902665","1.4119424408","19.4306183928","12.5415352258","26.6544817354","8.8721322895","13.6425876797"
"2004-01-01","11.7325595975","3.8847397224","1.0310440015","1.2584720590","18.7260369917","13.6473691573","24.4729133816","9.8470952987","15.3997697903"
"2005-01-01","9.7029089832","4.3188387757","1.6399814890","0.9565577640","15.3270948311","13.4268275317","28.1986319146","10.9590095543","15.4701491563"
"2006-01-01","9.2434342422","4.6847998563","1.5148169606","0.8280492207","13.8453923655","16.7528293140","23.0866638361","11.9440733738","18.0999408309"
"2007-01-01","10.9912283606","5.5217705660","1.2769103777","0.8585865502","12.2752384102","18.3016789935","21.0665787454","11.7896101582","17.9183978382"
"2008-01-01","11.6461446252","5.9659677375","2.0836201516","0.7113858546","8.7426668930","15.7949105344","19.4921841553","14.4381105086","21.1250095399"
"2009-01-01","14.5724529400","4.8100568482","2.7904626447","0.9371457062","8.8792581143","16.2248766300","13.9088004743","15.1310633344","22.7458833078"
"2010-01-01","12.2917194786","5.0102669570","2.9626792804","0.8741610745","9.2415099777","18.5390199065","11.1914856232","16.2145966713","23.6745610308"
"2011-01-01","13.2217533748","5.3003998344","3.5519965969","0.8393185273","7.5527557992","19.8824437933","8.3866651093","16.7864867729","24.4781801919"
"2012-01-01","15.3965321075","4.0093640481","2.8138556055","0.8778793725","7.6734957747","19.2034365063","5.7529574377","17.5501932745","26.7222858732"
"2013-01-01","14.9017296474","4.2571368278","2.0682291294","0.8459029264","8.1625494071","17.4098814363","6.6276887214","18.3886356004","27.3382463038"
"2014-01-01","12.2763696053","3.5127840827","1.5907159085","1.0171355434","8.2919268721","16.5105641302","8.3206399363","20.3306177794","28.1492461421"
"2015-01-01","18.2791543806","2.2312987497","1.6638232828","1.5058536012","10.9112322324","21.3149980053","6.1213998119","15.9279617136","22.0442782225"
"2016-01-01","18.6727940909","2.5105360506","2.2580803532","1.6506067767","12.0882289267","21.9542256375","5.7860266764","14.7385852821","20.3409162060"
"2017-01-01","16.8238177488","2.6517676527","2.9369892871","1.5902926380","10.8781813785","20.3316770145","6.0647617030","17.1102155445","21.6122970329"
"2018-01-01","14.9335575908","2.3116602478","2.7416930455","1.3680346696","11.0796011495","20.0983899319","4.6658249520","16.8821373885","25.9191010244"
"2019-01-01","15.2025083963","1.9012439808","2.4885951732","1.4277199905","8.6495949304","21.5081565080","4.4604352465","19.9244286755","24.4373170989"
"2020-01-01","17.4566394794","1.5346126626","1.9577129734","1.0703766389","11.1018366990","25.5073865836","5.5209373803","15.1310013257","20.7194962571"
"2021-01-01","13.2793074605","1.3630096525","2.7860052178","1.0647745061","11.2815105875","20.2146600440","4.8483110950","21.5173560028","23.6450654339"
"2022-01-01","11.2539490053","1.5051588893","2.1633848134","0.9023752202","9.5608558829","17.1315224059","6.7587836141","24.7020281208","26.0219420483"

"REVISIONS"
"date","WGTS.AGRI","WGTS.BRENT","WGTS.COAL","WGTS.FISH","WGTS.FOPR","WGTS.MTLS","WGTS.NATURALGAS","WGTS.WCC","WGTS.WTI"
"2022-01-01","R","R","R","R","R","R","R","R","R"

