{
 "cells": [
  {
   "cell_type": "code",
   "execution_count": 1,
   "metadata": {},
   "outputs": [],
   "source": [
    "import pandas_datareader as pdr\n",
    "import pandas as pd\n",
    "import numpy as np\n",
    "import datetime as dt"
   ]
  },
  {
   "cell_type": "code",
   "execution_count": 2,
   "metadata": {},
   "outputs": [],
   "source": [
    "start = dt.datetime(2000, 1, 1)\n",
    "end = dt.datetime(2022, 11, 1)\n",
    "usdcad = pdr.DataReader(\"DEXCAUS\", 'fred', start, end)"
   ]
  },
  {
   "cell_type": "code",
   "execution_count": 3,
   "metadata": {},
   "outputs": [],
   "source": [
    "var_exp_dict = {}\n",
    "\n",
    "var_exp_df = pd.DataFrame()\n",
    "\n",
    "var_exp = ['dhhngsp','dcoilwtico','dcoilbrenteu', 'will5000prfc','dpropanembtx','dhoilnyh','willresipr',\n",
    "           'vixcls', 'dexuseu', 'dexusuk', 'dexchus', 'dexjpus', 'dexkous',\n",
    "           'dexmxus', 'dexinus', 'dexvzus', 'dexbzus', 'dexszus', 'RAILFRTCARLOADSD11', \n",
    "          ]\n",
    "\n",
    "for i in var_exp:\n",
    "    # téléchargement sur la fed américaine à l'aide de pandas datareader\n",
    "    var_exp_dict[i] = pdr.DataReader(i.upper(), 'fred', start, end)\n",
    "    if var_exp_df.empty:\n",
    "        var_exp_df = var_exp_dict[i]\n",
    "    else:\n",
    "        var_exp_df = var_exp_df.join(var_exp_dict[i])\n",
    "    var_exp_dict[i].ffill(inplace=True)"
   ]
  },
  {
   "cell_type": "code",
   "execution_count": 4,
   "metadata": {},
   "outputs": [],
   "source": [
    "var_exp_dict_2 = var_exp_dict "
   ]
  },
  {
   "cell_type": "code",
   "execution_count": 5,
   "metadata": {},
   "outputs": [
    {
     "data": {
      "text/html": [
       "<div>\n",
       "<style scoped>\n",
       "    .dataframe tbody tr th:only-of-type {\n",
       "        vertical-align: middle;\n",
       "    }\n",
       "\n",
       "    .dataframe tbody tr th {\n",
       "        vertical-align: top;\n",
       "    }\n",
       "\n",
       "    .dataframe thead th {\n",
       "        text-align: right;\n",
       "    }\n",
       "</style>\n",
       "<table border=\"1\" class=\"dataframe\">\n",
       "  <thead>\n",
       "    <tr style=\"text-align: right;\">\n",
       "      <th></th>\n",
       "      <th>DHHNGSP</th>\n",
       "    </tr>\n",
       "    <tr>\n",
       "      <th>DATE</th>\n",
       "      <th></th>\n",
       "    </tr>\n",
       "  </thead>\n",
       "  <tbody>\n",
       "    <tr>\n",
       "      <th>2000-01-03</th>\n",
       "      <td>NaN</td>\n",
       "    </tr>\n",
       "    <tr>\n",
       "      <th>2000-01-04</th>\n",
       "      <td>2.16</td>\n",
       "    </tr>\n",
       "    <tr>\n",
       "      <th>2000-01-05</th>\n",
       "      <td>2.17</td>\n",
       "    </tr>\n",
       "    <tr>\n",
       "      <th>2000-01-06</th>\n",
       "      <td>2.18</td>\n",
       "    </tr>\n",
       "    <tr>\n",
       "      <th>2000-01-07</th>\n",
       "      <td>2.19</td>\n",
       "    </tr>\n",
       "    <tr>\n",
       "      <th>...</th>\n",
       "      <td>...</td>\n",
       "    </tr>\n",
       "    <tr>\n",
       "      <th>2022-10-26</th>\n",
       "      <td>5.28</td>\n",
       "    </tr>\n",
       "    <tr>\n",
       "      <th>2022-10-27</th>\n",
       "      <td>5.30</td>\n",
       "    </tr>\n",
       "    <tr>\n",
       "      <th>2022-10-28</th>\n",
       "      <td>5.02</td>\n",
       "    </tr>\n",
       "    <tr>\n",
       "      <th>2022-10-31</th>\n",
       "      <td>5.02</td>\n",
       "    </tr>\n",
       "    <tr>\n",
       "      <th>2022-11-01</th>\n",
       "      <td>4.57</td>\n",
       "    </tr>\n",
       "  </tbody>\n",
       "</table>\n",
       "<p>5962 rows × 1 columns</p>\n",
       "</div>"
      ],
      "text/plain": [
       "            DHHNGSP\n",
       "DATE               \n",
       "2000-01-03      NaN\n",
       "2000-01-04     2.16\n",
       "2000-01-05     2.17\n",
       "2000-01-06     2.18\n",
       "2000-01-07     2.19\n",
       "...             ...\n",
       "2022-10-26     5.28\n",
       "2022-10-27     5.30\n",
       "2022-10-28     5.02\n",
       "2022-10-31     5.02\n",
       "2022-11-01     4.57\n",
       "\n",
       "[5962 rows x 1 columns]"
      ]
     },
     "execution_count": 5,
     "metadata": {},
     "output_type": "execute_result"
    }
   ],
   "source": [
    "var_exp_dict_2[var_exp[0]]"
   ]
  },
  {
   "cell_type": "code",
   "execution_count": 6,
   "metadata": {},
   "outputs": [],
   "source": [
    "var_exp_df = usdcad\n",
    "for i in var_exp:\n",
    "    # téléchargement sur la fed américaine à l'aide de pandas datareader\n",
    "    var_exp_dict_2[i].pct_change()\n",
    "    var_exp_dict_2[i]= var_exp_dict_2[i]\n",
    "    var_exp_df[i] = var_exp_dict_2[i][i.upper()]\n",
    "    #var_exp_dict[i] = np.array(var_exp_dict[i])  "
   ]
  },
  {
   "cell_type": "code",
   "execution_count": 7,
   "metadata": {},
   "outputs": [
    {
     "data": {
      "text/plain": [
       "DEXCAUS         5955\n",
       "dhhngsp         5954\n",
       "dcoilwtico      5954\n",
       "dcoilbrenteu    5954\n",
       "will5000prfc    5955\n",
       "dpropanembtx    5954\n",
       "dhoilnyh        5954\n",
       "willresipr      5955\n",
       "vixcls          5955\n",
       "dexuseu         5955\n",
       "dexusuk         5955\n",
       "dexchus         5955\n",
       "dexjpus         5955\n",
       "dexkous         5955\n",
       "dexmxus         5955\n",
       "dexinus         5955\n",
       "dexvzus         5955\n",
       "dexbzus         5955\n",
       "dexszus         5955\n",
       "USRECD          5955\n",
       "EURORECD        5955\n",
       "JPNRECDP        5955\n",
       "dtype: int64"
      ]
     },
     "execution_count": 7,
     "metadata": {},
     "output_type": "execute_result"
    }
   ],
   "source": [
    "var_exp_df.ffill(inplace=True)\n",
    "var_exp_df.count()"
   ]
  },
  {
   "cell_type": "code",
   "execution_count": 11,
   "metadata": {},
   "outputs": [],
   "source": [
    "var_exp_df.ffill(inplace=True)\n",
    "var_exp_df.dropna(inplace=True)"
   ]
  },
  {
   "cell_type": "code",
   "execution_count": 12,
   "metadata": {},
   "outputs": [],
   "source": [
    "from sklearn.linear_model import LinearRegression\n",
    "from sklearn.model_selection import train_test_split"
   ]
  },
  {
   "cell_type": "code",
   "execution_count": 13,
   "metadata": {},
   "outputs": [
    {
     "data": {
      "text/html": [
       "<div>\n",
       "<style scoped>\n",
       "    .dataframe tbody tr th:only-of-type {\n",
       "        vertical-align: middle;\n",
       "    }\n",
       "\n",
       "    .dataframe tbody tr th {\n",
       "        vertical-align: top;\n",
       "    }\n",
       "\n",
       "    .dataframe thead th {\n",
       "        text-align: right;\n",
       "    }\n",
       "</style>\n",
       "<table border=\"1\" class=\"dataframe\">\n",
       "  <thead>\n",
       "    <tr style=\"text-align: right;\">\n",
       "      <th></th>\n",
       "      <th>DEXCAUS</th>\n",
       "      <th>dhhngsp</th>\n",
       "      <th>dcoilwtico</th>\n",
       "      <th>dcoilbrenteu</th>\n",
       "      <th>will5000prfc</th>\n",
       "      <th>dpropanembtx</th>\n",
       "      <th>dhoilnyh</th>\n",
       "      <th>willresipr</th>\n",
       "      <th>vixcls</th>\n",
       "      <th>dexuseu</th>\n",
       "      <th>...</th>\n",
       "      <th>dexjpus</th>\n",
       "      <th>dexkous</th>\n",
       "      <th>dexmxus</th>\n",
       "      <th>dexinus</th>\n",
       "      <th>dexvzus</th>\n",
       "      <th>dexbzus</th>\n",
       "      <th>dexszus</th>\n",
       "      <th>USRECD</th>\n",
       "      <th>EURORECD</th>\n",
       "      <th>JPNRECDP</th>\n",
       "    </tr>\n",
       "  </thead>\n",
       "  <tbody>\n",
       "    <tr>\n",
       "      <th>DEXCAUS</th>\n",
       "      <td>1.000000</td>\n",
       "      <td>-0.222469</td>\n",
       "      <td>-0.837411</td>\n",
       "      <td>-0.829083</td>\n",
       "      <td>0.072251</td>\n",
       "      <td>-0.767071</td>\n",
       "      <td>-0.755497</td>\n",
       "      <td>-0.207202</td>\n",
       "      <td>0.198434</td>\n",
       "      <td>-0.895864</td>\n",
       "      <td>...</td>\n",
       "      <td>0.651790</td>\n",
       "      <td>0.531470</td>\n",
       "      <td>0.061301</td>\n",
       "      <td>0.185480</td>\n",
       "      <td>0.025286</td>\n",
       "      <td>0.415273</td>\n",
       "      <td>0.642544</td>\n",
       "      <td>0.041636</td>\n",
       "      <td>0.176703</td>\n",
       "      <td>-0.172994</td>\n",
       "    </tr>\n",
       "    <tr>\n",
       "      <th>dhhngsp</th>\n",
       "      <td>-0.222469</td>\n",
       "      <td>1.000000</td>\n",
       "      <td>0.267972</td>\n",
       "      <td>0.166501</td>\n",
       "      <td>-0.255443</td>\n",
       "      <td>0.502114</td>\n",
       "      <td>0.227954</td>\n",
       "      <td>-0.134980</td>\n",
       "      <td>-0.021388</td>\n",
       "      <td>0.304909</td>\n",
       "      <td>...</td>\n",
       "      <td>0.179987</td>\n",
       "      <td>-0.328549</td>\n",
       "      <td>-0.420660</td>\n",
       "      <td>-0.461578</td>\n",
       "      <td>-0.087481</td>\n",
       "      <td>-0.276615</td>\n",
       "      <td>0.200755</td>\n",
       "      <td>0.184796</td>\n",
       "      <td>-0.191763</td>\n",
       "      <td>-0.188776</td>\n",
       "    </tr>\n",
       "    <tr>\n",
       "      <th>dcoilwtico</th>\n",
       "      <td>-0.837411</td>\n",
       "      <td>0.267972</td>\n",
       "      <td>1.000000</td>\n",
       "      <td>0.982336</td>\n",
       "      <td>0.164499</td>\n",
       "      <td>0.850380</td>\n",
       "      <td>0.960258</td>\n",
       "      <td>0.339830</td>\n",
       "      <td>-0.157042</td>\n",
       "      <td>0.712360</td>\n",
       "      <td>...</td>\n",
       "      <td>-0.447955</td>\n",
       "      <td>-0.375829</td>\n",
       "      <td>0.054200</td>\n",
       "      <td>0.039742</td>\n",
       "      <td>0.009250</td>\n",
       "      <td>-0.226079</td>\n",
       "      <td>-0.625756</td>\n",
       "      <td>0.003167</td>\n",
       "      <td>-0.054313</td>\n",
       "      <td>0.201782</td>\n",
       "    </tr>\n",
       "    <tr>\n",
       "      <th>dcoilbrenteu</th>\n",
       "      <td>-0.829083</td>\n",
       "      <td>0.166501</td>\n",
       "      <td>0.982336</td>\n",
       "      <td>1.000000</td>\n",
       "      <td>0.192642</td>\n",
       "      <td>0.807995</td>\n",
       "      <td>0.970570</td>\n",
       "      <td>0.363534</td>\n",
       "      <td>-0.164456</td>\n",
       "      <td>0.674458</td>\n",
       "      <td>...</td>\n",
       "      <td>-0.497127</td>\n",
       "      <td>-0.345650</td>\n",
       "      <td>0.100726</td>\n",
       "      <td>0.095976</td>\n",
       "      <td>0.007565</td>\n",
       "      <td>-0.202661</td>\n",
       "      <td>-0.665509</td>\n",
       "      <td>-0.043881</td>\n",
       "      <td>0.011237</td>\n",
       "      <td>0.239944</td>\n",
       "    </tr>\n",
       "    <tr>\n",
       "      <th>will5000prfc</th>\n",
       "      <td>0.072251</td>\n",
       "      <td>-0.255443</td>\n",
       "      <td>0.164499</td>\n",
       "      <td>0.192642</td>\n",
       "      <td>1.000000</td>\n",
       "      <td>0.017241</td>\n",
       "      <td>0.259039</td>\n",
       "      <td>0.847382</td>\n",
       "      <td>-0.145859</td>\n",
       "      <td>-0.165432</td>\n",
       "      <td>...</td>\n",
       "      <td>0.224513</td>\n",
       "      <td>0.065757</td>\n",
       "      <td>0.865894</td>\n",
       "      <td>0.890071</td>\n",
       "      <td>0.489009</td>\n",
       "      <td>0.835272</td>\n",
       "      <td>-0.528685</td>\n",
       "      <td>-0.230029</td>\n",
       "      <td>-0.149512</td>\n",
       "      <td>-0.099165</td>\n",
       "    </tr>\n",
       "    <tr>\n",
       "      <th>dpropanembtx</th>\n",
       "      <td>-0.767071</td>\n",
       "      <td>0.502114</td>\n",
       "      <td>0.850380</td>\n",
       "      <td>0.807995</td>\n",
       "      <td>0.017241</td>\n",
       "      <td>1.000000</td>\n",
       "      <td>0.780897</td>\n",
       "      <td>0.155803</td>\n",
       "      <td>-0.075420</td>\n",
       "      <td>0.729504</td>\n",
       "      <td>...</td>\n",
       "      <td>-0.402958</td>\n",
       "      <td>-0.455662</td>\n",
       "      <td>-0.131057</td>\n",
       "      <td>-0.227350</td>\n",
       "      <td>0.059858</td>\n",
       "      <td>-0.319405</td>\n",
       "      <td>-0.398775</td>\n",
       "      <td>0.048032</td>\n",
       "      <td>-0.134304</td>\n",
       "      <td>0.042953</td>\n",
       "    </tr>\n",
       "    <tr>\n",
       "      <th>dhoilnyh</th>\n",
       "      <td>-0.755497</td>\n",
       "      <td>0.227954</td>\n",
       "      <td>0.960258</td>\n",
       "      <td>0.970570</td>\n",
       "      <td>0.259039</td>\n",
       "      <td>0.780897</td>\n",
       "      <td>1.000000</td>\n",
       "      <td>0.410794</td>\n",
       "      <td>-0.115771</td>\n",
       "      <td>0.595791</td>\n",
       "      <td>...</td>\n",
       "      <td>-0.379131</td>\n",
       "      <td>-0.276061</td>\n",
       "      <td>0.161070</td>\n",
       "      <td>0.167357</td>\n",
       "      <td>-0.020056</td>\n",
       "      <td>-0.115849</td>\n",
       "      <td>-0.648429</td>\n",
       "      <td>-0.021347</td>\n",
       "      <td>0.007596</td>\n",
       "      <td>0.217687</td>\n",
       "    </tr>\n",
       "    <tr>\n",
       "      <th>willresipr</th>\n",
       "      <td>-0.207202</td>\n",
       "      <td>-0.134980</td>\n",
       "      <td>0.339830</td>\n",
       "      <td>0.363534</td>\n",
       "      <td>0.847382</td>\n",
       "      <td>0.155803</td>\n",
       "      <td>0.410794</td>\n",
       "      <td>1.000000</td>\n",
       "      <td>-0.403091</td>\n",
       "      <td>0.078910</td>\n",
       "      <td>...</td>\n",
       "      <td>0.173538</td>\n",
       "      <td>-0.276620</td>\n",
       "      <td>0.770894</td>\n",
       "      <td>0.756799</td>\n",
       "      <td>0.301691</td>\n",
       "      <td>0.611418</td>\n",
       "      <td>-0.683139</td>\n",
       "      <td>-0.299656</td>\n",
       "      <td>-0.211949</td>\n",
       "      <td>0.008022</td>\n",
       "    </tr>\n",
       "    <tr>\n",
       "      <th>vixcls</th>\n",
       "      <td>0.198434</td>\n",
       "      <td>-0.021388</td>\n",
       "      <td>-0.157042</td>\n",
       "      <td>-0.164456</td>\n",
       "      <td>-0.145859</td>\n",
       "      <td>-0.075420</td>\n",
       "      <td>-0.115771</td>\n",
       "      <td>-0.403091</td>\n",
       "      <td>1.000000</td>\n",
       "      <td>-0.087120</td>\n",
       "      <td>...</td>\n",
       "      <td>-0.084384</td>\n",
       "      <td>0.552494</td>\n",
       "      <td>-0.023534</td>\n",
       "      <td>-0.066770</td>\n",
       "      <td>-0.004393</td>\n",
       "      <td>0.062205</td>\n",
       "      <td>0.173982</td>\n",
       "      <td>0.510419</td>\n",
       "      <td>0.345093</td>\n",
       "      <td>0.147009</td>\n",
       "    </tr>\n",
       "    <tr>\n",
       "      <th>dexuseu</th>\n",
       "      <td>-0.895864</td>\n",
       "      <td>0.304909</td>\n",
       "      <td>0.712360</td>\n",
       "      <td>0.674458</td>\n",
       "      <td>-0.165432</td>\n",
       "      <td>0.729504</td>\n",
       "      <td>0.595791</td>\n",
       "      <td>0.078910</td>\n",
       "      <td>-0.087120</td>\n",
       "      <td>1.000000</td>\n",
       "      <td>...</td>\n",
       "      <td>-0.596423</td>\n",
       "      <td>-0.517577</td>\n",
       "      <td>-0.112054</td>\n",
       "      <td>-0.280546</td>\n",
       "      <td>-0.012964</td>\n",
       "      <td>-0.385624</td>\n",
       "      <td>-0.584134</td>\n",
       "      <td>0.100007</td>\n",
       "      <td>-0.109366</td>\n",
       "      <td>0.116727</td>\n",
       "    </tr>\n",
       "    <tr>\n",
       "      <th>dexusuk</th>\n",
       "      <td>-0.446859</td>\n",
       "      <td>0.594420</td>\n",
       "      <td>0.238113</td>\n",
       "      <td>0.161630</td>\n",
       "      <td>-0.607253</td>\n",
       "      <td>0.434957</td>\n",
       "      <td>0.099775</td>\n",
       "      <td>-0.336935</td>\n",
       "      <td>-0.144624</td>\n",
       "      <td>0.579081</td>\n",
       "      <td>...</td>\n",
       "      <td>-0.116474</td>\n",
       "      <td>-0.625433</td>\n",
       "      <td>-0.718993</td>\n",
       "      <td>-0.780746</td>\n",
       "      <td>-0.168050</td>\n",
       "      <td>-0.621479</td>\n",
       "      <td>0.182910</td>\n",
       "      <td>0.093202</td>\n",
       "      <td>-0.203453</td>\n",
       "      <td>-0.040579</td>\n",
       "    </tr>\n",
       "    <tr>\n",
       "      <th>dexchus</th>\n",
       "      <td>0.558037</td>\n",
       "      <td>0.365301</td>\n",
       "      <td>-0.621535</td>\n",
       "      <td>-0.676911</td>\n",
       "      <td>-0.504663</td>\n",
       "      <td>-0.329370</td>\n",
       "      <td>-0.646998</td>\n",
       "      <td>-0.580575</td>\n",
       "      <td>0.067904</td>\n",
       "      <td>-0.413155</td>\n",
       "      <td>...</td>\n",
       "      <td>0.433582</td>\n",
       "      <td>0.040252</td>\n",
       "      <td>-0.588131</td>\n",
       "      <td>-0.578932</td>\n",
       "      <td>-0.161183</td>\n",
       "      <td>-0.187340</td>\n",
       "      <td>0.872391</td>\n",
       "      <td>0.076127</td>\n",
       "      <td>0.012093</td>\n",
       "      <td>-0.363625</td>\n",
       "    </tr>\n",
       "    <tr>\n",
       "      <th>dexjpus</th>\n",
       "      <td>0.651790</td>\n",
       "      <td>0.179987</td>\n",
       "      <td>-0.447955</td>\n",
       "      <td>-0.497127</td>\n",
       "      <td>0.224513</td>\n",
       "      <td>-0.402958</td>\n",
       "      <td>-0.379131</td>\n",
       "      <td>0.173538</td>\n",
       "      <td>-0.084384</td>\n",
       "      <td>-0.596423</td>\n",
       "      <td>...</td>\n",
       "      <td>1.000000</td>\n",
       "      <td>0.122824</td>\n",
       "      <td>0.067242</td>\n",
       "      <td>0.208638</td>\n",
       "      <td>0.016203</td>\n",
       "      <td>0.418077</td>\n",
       "      <td>0.421461</td>\n",
       "      <td>-0.005266</td>\n",
       "      <td>-0.120655</td>\n",
       "      <td>-0.268420</td>\n",
       "    </tr>\n",
       "    <tr>\n",
       "      <th>dexkous</th>\n",
       "      <td>0.531470</td>\n",
       "      <td>-0.328549</td>\n",
       "      <td>-0.375829</td>\n",
       "      <td>-0.345650</td>\n",
       "      <td>0.065757</td>\n",
       "      <td>-0.455662</td>\n",
       "      <td>-0.276061</td>\n",
       "      <td>-0.276620</td>\n",
       "      <td>0.552494</td>\n",
       "      <td>-0.517577</td>\n",
       "      <td>...</td>\n",
       "      <td>0.122824</td>\n",
       "      <td>1.000000</td>\n",
       "      <td>0.193589</td>\n",
       "      <td>0.270814</td>\n",
       "      <td>0.009382</td>\n",
       "      <td>0.311486</td>\n",
       "      <td>0.210191</td>\n",
       "      <td>0.273065</td>\n",
       "      <td>0.336342</td>\n",
       "      <td>0.138968</td>\n",
       "    </tr>\n",
       "    <tr>\n",
       "      <th>dexmxus</th>\n",
       "      <td>0.061301</td>\n",
       "      <td>-0.420660</td>\n",
       "      <td>0.054200</td>\n",
       "      <td>0.100726</td>\n",
       "      <td>0.865894</td>\n",
       "      <td>-0.131057</td>\n",
       "      <td>0.161070</td>\n",
       "      <td>0.770894</td>\n",
       "      <td>-0.023534</td>\n",
       "      <td>-0.112054</td>\n",
       "      <td>...</td>\n",
       "      <td>0.067242</td>\n",
       "      <td>0.193589</td>\n",
       "      <td>1.000000</td>\n",
       "      <td>0.927043</td>\n",
       "      <td>0.309307</td>\n",
       "      <td>0.808647</td>\n",
       "      <td>-0.652304</td>\n",
       "      <td>-0.176800</td>\n",
       "      <td>-0.037409</td>\n",
       "      <td>-0.029152</td>\n",
       "    </tr>\n",
       "    <tr>\n",
       "      <th>dexinus</th>\n",
       "      <td>0.185480</td>\n",
       "      <td>-0.461578</td>\n",
       "      <td>0.039742</td>\n",
       "      <td>0.095976</td>\n",
       "      <td>0.890071</td>\n",
       "      <td>-0.227350</td>\n",
       "      <td>0.167357</td>\n",
       "      <td>0.756799</td>\n",
       "      <td>-0.066770</td>\n",
       "      <td>-0.280546</td>\n",
       "      <td>...</td>\n",
       "      <td>0.208638</td>\n",
       "      <td>0.270814</td>\n",
       "      <td>0.927043</td>\n",
       "      <td>1.000000</td>\n",
       "      <td>0.314979</td>\n",
       "      <td>0.837027</td>\n",
       "      <td>-0.555804</td>\n",
       "      <td>-0.215094</td>\n",
       "      <td>-0.017352</td>\n",
       "      <td>0.036774</td>\n",
       "    </tr>\n",
       "    <tr>\n",
       "      <th>dexvzus</th>\n",
       "      <td>0.025286</td>\n",
       "      <td>-0.087481</td>\n",
       "      <td>0.009250</td>\n",
       "      <td>0.007565</td>\n",
       "      <td>0.489009</td>\n",
       "      <td>0.059858</td>\n",
       "      <td>-0.020056</td>\n",
       "      <td>0.301691</td>\n",
       "      <td>-0.004393</td>\n",
       "      <td>-0.012964</td>\n",
       "      <td>...</td>\n",
       "      <td>0.016203</td>\n",
       "      <td>0.009382</td>\n",
       "      <td>0.309307</td>\n",
       "      <td>0.314979</td>\n",
       "      <td>1.000000</td>\n",
       "      <td>0.431628</td>\n",
       "      <td>-0.174149</td>\n",
       "      <td>-0.064467</td>\n",
       "      <td>-0.133779</td>\n",
       "      <td>-0.145402</td>\n",
       "    </tr>\n",
       "    <tr>\n",
       "      <th>dexbzus</th>\n",
       "      <td>0.415273</td>\n",
       "      <td>-0.276615</td>\n",
       "      <td>-0.226079</td>\n",
       "      <td>-0.202661</td>\n",
       "      <td>0.835272</td>\n",
       "      <td>-0.319405</td>\n",
       "      <td>-0.115849</td>\n",
       "      <td>0.611418</td>\n",
       "      <td>0.062205</td>\n",
       "      <td>-0.385624</td>\n",
       "      <td>...</td>\n",
       "      <td>0.418077</td>\n",
       "      <td>0.311486</td>\n",
       "      <td>0.808647</td>\n",
       "      <td>0.837027</td>\n",
       "      <td>0.431628</td>\n",
       "      <td>1.000000</td>\n",
       "      <td>-0.299976</td>\n",
       "      <td>-0.166290</td>\n",
       "      <td>-0.042954</td>\n",
       "      <td>-0.191822</td>\n",
       "    </tr>\n",
       "    <tr>\n",
       "      <th>dexszus</th>\n",
       "      <td>0.642544</td>\n",
       "      <td>0.200755</td>\n",
       "      <td>-0.625756</td>\n",
       "      <td>-0.665509</td>\n",
       "      <td>-0.528685</td>\n",
       "      <td>-0.398775</td>\n",
       "      <td>-0.648429</td>\n",
       "      <td>-0.683139</td>\n",
       "      <td>0.173982</td>\n",
       "      <td>-0.584134</td>\n",
       "      <td>...</td>\n",
       "      <td>0.421461</td>\n",
       "      <td>0.210191</td>\n",
       "      <td>-0.652304</td>\n",
       "      <td>-0.555804</td>\n",
       "      <td>-0.174149</td>\n",
       "      <td>-0.299976</td>\n",
       "      <td>1.000000</td>\n",
       "      <td>0.191770</td>\n",
       "      <td>0.104536</td>\n",
       "      <td>-0.206100</td>\n",
       "    </tr>\n",
       "    <tr>\n",
       "      <th>USRECD</th>\n",
       "      <td>0.041636</td>\n",
       "      <td>0.184796</td>\n",
       "      <td>0.003167</td>\n",
       "      <td>-0.043881</td>\n",
       "      <td>-0.230029</td>\n",
       "      <td>0.048032</td>\n",
       "      <td>-0.021347</td>\n",
       "      <td>-0.299656</td>\n",
       "      <td>0.510419</td>\n",
       "      <td>0.100007</td>\n",
       "      <td>...</td>\n",
       "      <td>-0.005266</td>\n",
       "      <td>0.273065</td>\n",
       "      <td>-0.176800</td>\n",
       "      <td>-0.215094</td>\n",
       "      <td>-0.064467</td>\n",
       "      <td>-0.166290</td>\n",
       "      <td>0.191770</td>\n",
       "      <td>1.000000</td>\n",
       "      <td>0.405556</td>\n",
       "      <td>0.350853</td>\n",
       "    </tr>\n",
       "    <tr>\n",
       "      <th>EURORECD</th>\n",
       "      <td>0.176703</td>\n",
       "      <td>-0.191763</td>\n",
       "      <td>-0.054313</td>\n",
       "      <td>0.011237</td>\n",
       "      <td>-0.149512</td>\n",
       "      <td>-0.134304</td>\n",
       "      <td>0.007596</td>\n",
       "      <td>-0.211949</td>\n",
       "      <td>0.345093</td>\n",
       "      <td>-0.109366</td>\n",
       "      <td>...</td>\n",
       "      <td>-0.120655</td>\n",
       "      <td>0.336342</td>\n",
       "      <td>-0.037409</td>\n",
       "      <td>-0.017352</td>\n",
       "      <td>-0.133779</td>\n",
       "      <td>-0.042954</td>\n",
       "      <td>0.104536</td>\n",
       "      <td>0.405556</td>\n",
       "      <td>1.000000</td>\n",
       "      <td>0.260752</td>\n",
       "    </tr>\n",
       "    <tr>\n",
       "      <th>JPNRECDP</th>\n",
       "      <td>-0.172994</td>\n",
       "      <td>-0.188776</td>\n",
       "      <td>0.201782</td>\n",
       "      <td>0.239944</td>\n",
       "      <td>-0.099165</td>\n",
       "      <td>0.042953</td>\n",
       "      <td>0.217687</td>\n",
       "      <td>0.008022</td>\n",
       "      <td>0.147009</td>\n",
       "      <td>0.116727</td>\n",
       "      <td>...</td>\n",
       "      <td>-0.268420</td>\n",
       "      <td>0.138968</td>\n",
       "      <td>-0.029152</td>\n",
       "      <td>0.036774</td>\n",
       "      <td>-0.145402</td>\n",
       "      <td>-0.191822</td>\n",
       "      <td>-0.206100</td>\n",
       "      <td>0.350853</td>\n",
       "      <td>0.260752</td>\n",
       "      <td>1.000000</td>\n",
       "    </tr>\n",
       "  </tbody>\n",
       "</table>\n",
       "<p>22 rows × 22 columns</p>\n",
       "</div>"
      ],
      "text/plain": [
       "               DEXCAUS   dhhngsp  dcoilwtico  dcoilbrenteu  will5000prfc  \\\n",
       "DEXCAUS       1.000000 -0.222469   -0.837411     -0.829083      0.072251   \n",
       "dhhngsp      -0.222469  1.000000    0.267972      0.166501     -0.255443   \n",
       "dcoilwtico   -0.837411  0.267972    1.000000      0.982336      0.164499   \n",
       "dcoilbrenteu -0.829083  0.166501    0.982336      1.000000      0.192642   \n",
       "will5000prfc  0.072251 -0.255443    0.164499      0.192642      1.000000   \n",
       "dpropanembtx -0.767071  0.502114    0.850380      0.807995      0.017241   \n",
       "dhoilnyh     -0.755497  0.227954    0.960258      0.970570      0.259039   \n",
       "willresipr   -0.207202 -0.134980    0.339830      0.363534      0.847382   \n",
       "vixcls        0.198434 -0.021388   -0.157042     -0.164456     -0.145859   \n",
       "dexuseu      -0.895864  0.304909    0.712360      0.674458     -0.165432   \n",
       "dexusuk      -0.446859  0.594420    0.238113      0.161630     -0.607253   \n",
       "dexchus       0.558037  0.365301   -0.621535     -0.676911     -0.504663   \n",
       "dexjpus       0.651790  0.179987   -0.447955     -0.497127      0.224513   \n",
       "dexkous       0.531470 -0.328549   -0.375829     -0.345650      0.065757   \n",
       "dexmxus       0.061301 -0.420660    0.054200      0.100726      0.865894   \n",
       "dexinus       0.185480 -0.461578    0.039742      0.095976      0.890071   \n",
       "dexvzus       0.025286 -0.087481    0.009250      0.007565      0.489009   \n",
       "dexbzus       0.415273 -0.276615   -0.226079     -0.202661      0.835272   \n",
       "dexszus       0.642544  0.200755   -0.625756     -0.665509     -0.528685   \n",
       "USRECD        0.041636  0.184796    0.003167     -0.043881     -0.230029   \n",
       "EURORECD      0.176703 -0.191763   -0.054313      0.011237     -0.149512   \n",
       "JPNRECDP     -0.172994 -0.188776    0.201782      0.239944     -0.099165   \n",
       "\n",
       "              dpropanembtx  dhoilnyh  willresipr    vixcls   dexuseu  ...  \\\n",
       "DEXCAUS          -0.767071 -0.755497   -0.207202  0.198434 -0.895864  ...   \n",
       "dhhngsp           0.502114  0.227954   -0.134980 -0.021388  0.304909  ...   \n",
       "dcoilwtico        0.850380  0.960258    0.339830 -0.157042  0.712360  ...   \n",
       "dcoilbrenteu      0.807995  0.970570    0.363534 -0.164456  0.674458  ...   \n",
       "will5000prfc      0.017241  0.259039    0.847382 -0.145859 -0.165432  ...   \n",
       "dpropanembtx      1.000000  0.780897    0.155803 -0.075420  0.729504  ...   \n",
       "dhoilnyh          0.780897  1.000000    0.410794 -0.115771  0.595791  ...   \n",
       "willresipr        0.155803  0.410794    1.000000 -0.403091  0.078910  ...   \n",
       "vixcls           -0.075420 -0.115771   -0.403091  1.000000 -0.087120  ...   \n",
       "dexuseu           0.729504  0.595791    0.078910 -0.087120  1.000000  ...   \n",
       "dexusuk           0.434957  0.099775   -0.336935 -0.144624  0.579081  ...   \n",
       "dexchus          -0.329370 -0.646998   -0.580575  0.067904 -0.413155  ...   \n",
       "dexjpus          -0.402958 -0.379131    0.173538 -0.084384 -0.596423  ...   \n",
       "dexkous          -0.455662 -0.276061   -0.276620  0.552494 -0.517577  ...   \n",
       "dexmxus          -0.131057  0.161070    0.770894 -0.023534 -0.112054  ...   \n",
       "dexinus          -0.227350  0.167357    0.756799 -0.066770 -0.280546  ...   \n",
       "dexvzus           0.059858 -0.020056    0.301691 -0.004393 -0.012964  ...   \n",
       "dexbzus          -0.319405 -0.115849    0.611418  0.062205 -0.385624  ...   \n",
       "dexszus          -0.398775 -0.648429   -0.683139  0.173982 -0.584134  ...   \n",
       "USRECD            0.048032 -0.021347   -0.299656  0.510419  0.100007  ...   \n",
       "EURORECD         -0.134304  0.007596   -0.211949  0.345093 -0.109366  ...   \n",
       "JPNRECDP          0.042953  0.217687    0.008022  0.147009  0.116727  ...   \n",
       "\n",
       "               dexjpus   dexkous   dexmxus   dexinus   dexvzus   dexbzus  \\\n",
       "DEXCAUS       0.651790  0.531470  0.061301  0.185480  0.025286  0.415273   \n",
       "dhhngsp       0.179987 -0.328549 -0.420660 -0.461578 -0.087481 -0.276615   \n",
       "dcoilwtico   -0.447955 -0.375829  0.054200  0.039742  0.009250 -0.226079   \n",
       "dcoilbrenteu -0.497127 -0.345650  0.100726  0.095976  0.007565 -0.202661   \n",
       "will5000prfc  0.224513  0.065757  0.865894  0.890071  0.489009  0.835272   \n",
       "dpropanembtx -0.402958 -0.455662 -0.131057 -0.227350  0.059858 -0.319405   \n",
       "dhoilnyh     -0.379131 -0.276061  0.161070  0.167357 -0.020056 -0.115849   \n",
       "willresipr    0.173538 -0.276620  0.770894  0.756799  0.301691  0.611418   \n",
       "vixcls       -0.084384  0.552494 -0.023534 -0.066770 -0.004393  0.062205   \n",
       "dexuseu      -0.596423 -0.517577 -0.112054 -0.280546 -0.012964 -0.385624   \n",
       "dexusuk      -0.116474 -0.625433 -0.718993 -0.780746 -0.168050 -0.621479   \n",
       "dexchus       0.433582  0.040252 -0.588131 -0.578932 -0.161183 -0.187340   \n",
       "dexjpus       1.000000  0.122824  0.067242  0.208638  0.016203  0.418077   \n",
       "dexkous       0.122824  1.000000  0.193589  0.270814  0.009382  0.311486   \n",
       "dexmxus       0.067242  0.193589  1.000000  0.927043  0.309307  0.808647   \n",
       "dexinus       0.208638  0.270814  0.927043  1.000000  0.314979  0.837027   \n",
       "dexvzus       0.016203  0.009382  0.309307  0.314979  1.000000  0.431628   \n",
       "dexbzus       0.418077  0.311486  0.808647  0.837027  0.431628  1.000000   \n",
       "dexszus       0.421461  0.210191 -0.652304 -0.555804 -0.174149 -0.299976   \n",
       "USRECD       -0.005266  0.273065 -0.176800 -0.215094 -0.064467 -0.166290   \n",
       "EURORECD     -0.120655  0.336342 -0.037409 -0.017352 -0.133779 -0.042954   \n",
       "JPNRECDP     -0.268420  0.138968 -0.029152  0.036774 -0.145402 -0.191822   \n",
       "\n",
       "               dexszus    USRECD  EURORECD  JPNRECDP  \n",
       "DEXCAUS       0.642544  0.041636  0.176703 -0.172994  \n",
       "dhhngsp       0.200755  0.184796 -0.191763 -0.188776  \n",
       "dcoilwtico   -0.625756  0.003167 -0.054313  0.201782  \n",
       "dcoilbrenteu -0.665509 -0.043881  0.011237  0.239944  \n",
       "will5000prfc -0.528685 -0.230029 -0.149512 -0.099165  \n",
       "dpropanembtx -0.398775  0.048032 -0.134304  0.042953  \n",
       "dhoilnyh     -0.648429 -0.021347  0.007596  0.217687  \n",
       "willresipr   -0.683139 -0.299656 -0.211949  0.008022  \n",
       "vixcls        0.173982  0.510419  0.345093  0.147009  \n",
       "dexuseu      -0.584134  0.100007 -0.109366  0.116727  \n",
       "dexusuk       0.182910  0.093202 -0.203453 -0.040579  \n",
       "dexchus       0.872391  0.076127  0.012093 -0.363625  \n",
       "dexjpus       0.421461 -0.005266 -0.120655 -0.268420  \n",
       "dexkous       0.210191  0.273065  0.336342  0.138968  \n",
       "dexmxus      -0.652304 -0.176800 -0.037409 -0.029152  \n",
       "dexinus      -0.555804 -0.215094 -0.017352  0.036774  \n",
       "dexvzus      -0.174149 -0.064467 -0.133779 -0.145402  \n",
       "dexbzus      -0.299976 -0.166290 -0.042954 -0.191822  \n",
       "dexszus       1.000000  0.191770  0.104536 -0.206100  \n",
       "USRECD        0.191770  1.000000  0.405556  0.350853  \n",
       "EURORECD      0.104536  0.405556  1.000000  0.260752  \n",
       "JPNRECDP     -0.206100  0.350853  0.260752  1.000000  \n",
       "\n",
       "[22 rows x 22 columns]"
      ]
     },
     "execution_count": 13,
     "metadata": {},
     "output_type": "execute_result"
    }
   ],
   "source": [
    "var_exp_df.corr()"
   ]
  },
  {
   "cell_type": "code",
   "execution_count": 14,
   "metadata": {},
   "outputs": [],
   "source": [
    "var_dep_df = var_exp_df.pop('DEXCAUS')"
   ]
  },
  {
   "cell_type": "code",
   "execution_count": 15,
   "metadata": {},
   "outputs": [
    {
     "name": "stdout",
     "output_type": "stream",
     "text": [
      "2000-01-04 2022-10-28\n"
     ]
    }
   ],
   "source": [
    "start = var_exp_df.index[0].date()\n",
    "end = var_exp_df.index[-1].date()\n",
    "print(start, end)"
   ]
  },
  {
   "cell_type": "code",
   "execution_count": 16,
   "metadata": {},
   "outputs": [],
   "source": [
    "var_dep = np.array(var_dep_df)\n",
    "var_exp = np.array(var_exp_df)"
   ]
  },
  {
   "cell_type": "code",
   "execution_count": 17,
   "metadata": {},
   "outputs": [],
   "source": [
    "X_train, x_test, y_train, y_test =train_test_split(var_exp, var_dep, test_size=0.2, random_state=42)"
   ]
  },
  {
   "cell_type": "code",
   "execution_count": 18,
   "metadata": {},
   "outputs": [
    {
     "data": {
      "text/html": [
